133219,195.57,-99.81,0.00,25.00
133239,195.57,-99.81,0.00,25.00
133267,195.57,-99.81,0.00,25.00
133287,195.57,-99.82,0.00,25.00
133307,195.57,-99.84,0.00,25.00
133327,195.57,-99.84,0.00,25.00
133347,195.57,-99.84,0.00,25.00
133367,195.57,-99.83,0.00,25.00
133387,195.57,-99.81,0.00,25.00
133407,195.57,-99.78,0.00,25.00
133427,195.57,-99.74,0.00,25.00
133447,195.57,-99.68,0.00,25.00
133469,195.57,-99.61,0.00,25.00
133489,195.57,-99.53,0.00,25.00
133509,195.57,-99.43,0.00,25.00
133529,195.57,-99.32,0.00,25.00
133549,195.57,-99.19,0.00,25.00
133569,195.57,-99.05,0.00,25.00
133589,195.57,-98.90,0.00,25.00
133609,195.57,-98.75,0.00,25.00
133629,195.57,-98.59,0.00,25.00
133649,195.57,-98.42,0.00,25.00
133670,195.57,-98.26,0.00,25.00
133691,195.57,-98.08,0.00,25.00
133711,195.57,-97.90,0.00,25.00
133731,195.57,-97.71,0.00,25.00
133751,195.57,-97.52,0.00,25.00
133771,195.57,-97.31,0.00,25.00
133791,195.57,-97.10,0.00,25.00
133811,195.57,-96.88,0.00,25.00
133831,195.57,-96.65,0.00,25.00
133851,195.57,-96.41,0.00,25.00
133872,195.57,-96.16,0.00,25.00
133892,195.57,-95.90,0.00,25.00
133912,195.57,-95.64,0.00,25.00
133932,195.57,-95.37,0.00,25.00
133952,195.57,-95.10,0.00,25.00
133972,195.57,-94.83,0.00,25.00
133992,195.57,-94.56,0.00,25.00
134012,195.57,-94.30,0.00,25.00
134032,195.57,-94.05,0.00,25.00
134052,195.57,-93.80,0.00,25.00
134073,195.57,-93.56,0.00,25.00
134093,195.57,-93.31,0.00,25.00
134113,195.57,-93.07,0.00,25.00
134133,195.57,-92.84,0.00,25.00
134153,195.57,-92.60,0.00,25.00
134173,195.57,-92.37,0.00,25.00
134193,195.57,-92.14,0.00,25.00
134213,195.57,-91.92,0.00,25.00
134233,195.57,-91.70,0.00,25.00
134253,195.57,-91.49,0.00,25.00
134274,195.57,-91.28,0.00,25.00
134294,195.57,-91.09,0.00,25.00
134314,195.57,-90.89,0.00,25.00
134334,195.57,-90.70,0.00,25.00
134354,195.57,-90.50,0.00,25.00
134374,195.57,-90.31,0.00,25.00
134394,195.57,-90.10,0.00,25.00
134414,195.57,-89.89,0.00,25.00
134434,195.57,-89.68,0.00,25.00
134454,195.57,-89.46,0.00,25.00
134475,195.57,-89.22,0.00,25.00
134495,195.57,-88.98,0.00,25.00
134515,195.57,-88.72,0.00,25.00
134535,195.57,-88.47,0.00,25.00
134555,195.57,-88.21,0.00,25.00
134575,195.57,-87.95,0.00,25.00
134595,195.57,-87.69,0.00,25.00
134615,195.57,-87.42,0.00,25.00
134635,195.57,-87.16,0.00,25.00
134655,195.57,-86.90,0.00,25.00
134676,195.57,-86.63,0.00,25.00
134696,195.57,-86.36,0.00,25.00
134716,195.57,-86.09,0.00,-25.00
134736,195.57,-85.83,0.00,-25.00
134756,195.57,-85.57,0.00,-25.00
134776,195.57,-85.30,0.00,-25.00
134796,195.57,-85.06,0.00,-25.00
134816,195.57,-84.84,0.00,-25.00
134836,195.57,-84.64,0.00,-25.00
134856,195.57,-84.48,0.00,-25.00
134877,195.57,-84.35,0.00,-25.00
134897,195.57,-84.25,0.00,-25.00
134917,195.57,-84.19,0.00,-25.00
134937,195.57,-84.15,0.00,-25.00
134957,195.57,-84.14,0.00,-25.00
134977,195.57,-84.16,0.00,-25.00
134997,195.57,-84.20,0.00,-25.00
135017,195.57,-84.26,0.00,-25.00
135037,195.57,-84.35,0.00,-25.00
135057,195.57,-84.45,0.00,-25.00
135079,195.57,-84.56,0.00,-25.00
135099,195.57,-84.69,0.00,-25.00
135119,195.57,-84.84,0.00,-25.00
135139,195.57,-85.00,0.00,-25.00
135159,195.57,-85.17,0.00,-25.00
135179,195.57,-85.35,0.00,-25.00
135199,195.57,-85.54,0.00,-25.00
135219,195.57,-85.74,0.00,-25.00
135239,195.57,-85.94,0.00,-25.00
135259,195.57,-86.15,0.00,-25.00
135282,195.57,-86.56,0.00,-25.00
135302,195.57,-86.77,0.00,-25.00
135322,195.57,-86.99,0.00,-25.00
135342,195.57,-87.21,0.00,-25.00
135362,195.57,-87.43,0.00,-25.00
135382,195.57,-87.65,0.00,-25.00
135402,195.57,-87.87,0.00,-25.00
135422,195.57,-88.10,0.00,-25.00
135442,195.57,-88.33,0.00,-25.00
135462,195.57,-88.56,0.00,-25.00
135484,195.57,-88.79,0.00,-25.00
135504,195.57,-89.02,0.00,-25.00
135524,195.57,-89.25,0.00,-25.00
135544,195.57,-89.48,0.00,-25.00
135564,195.57,-89.70,0.00,-25.00
135584,195.57,-89.93,0.00,-25.00
135604,195.57,-90.15,0.00,-25.00
135624,195.57,-90.38,0.00,-25.00
135644,195.57,-90.60,0.00,-25.00
135664,195.57,-90.83,0.00,-25.00
135686,195.57,-91.05,0.00,-25.00
135706,195.57,-91.28,0.00,-25.00
135726,195.57,-91.51,0.00,-25.00
135746,195.57,-91.74,0.00,-25.00
135766,195.57,-91.98,0.00,-25.00
135786,195.57,-92.21,0.00,-25.00
135806,195.57,-92.45,0.00,-25.00
135826,195.57,-92.69,0.00,-25.00
135846,195.57,-92.94,0.00,-25.00
135866,195.57,-93.18,0.00,-25.00
135888,195.57,-93.42,0.00,-25.00
135908,195.57,-93.67,0.00,-25.00
135928,195.57,-93.91,0.00,-25.00
135948,195.57,-94.16,0.00,-25.00
135968,195.57,-94.42,0.00,-25.00
135988,195.57,-94.68,0.00,-25.00
136008,195.57,-94.95,0.00,-25.00
136028,195.57,-95.21,0.00,-25.00
136048,195.57,-95.48,0.00,-25.00
136068,195.57,-95.75,0.00,-25.00
136089,195.57,-96.02,0.00,-25.00
136109,195.57,-96.29,0.00,-25.00
136129,195.57,-96.56,0.00,-25.00
136149,195.57,-96.83,0.00,-25.00
136169,195.57,-97.10,0.00,-25.00
136189,195.57,-97.38,0.00,-25.00
136209,195.57,-97.66,0.00,25.00
136229,195.57,-97.93,0.00,25.00
136249,195.57,-98.21,0.00,25.00
136269,195.57,-98.49,0.00,25.00
136290,195.57,-98.75,0.00,25.00
136311,195.57,-99.00,0.00,25.00
136331,195.57,-99.22,0.00,25.00
136351,195.57,-99.43,0.00,25.00
136371,195.57,-99.60,0.00,25.00
136391,195.57,-99.74,0.00,25.00
136411,195.57,-99.85,0.00,25.00
136431,195.57,-99.92,0.00,25.00
136451,195.57,-99.97,0.00,25.00
136471,195.57,-99.98,0.00,25.00
136492,195.57,-99.97,0.00,25.00
136512,195.57,-99.93,0.00,25.00
136532,195.57,-99.86,0.00,25.00
136552,195.57,-99.76,0.00,25.00
136572,195.57,-99.64,0.00,25.00
136592,195.57,-99.51,0.00,25.00
136612,195.57,-99.35,0.00,25.00
136632,195.57,-99.18,0.00,25.00
136652,195.57,-99.00,0.00,25.00
136672,195.57,-98.80,0.00,25.00
136693,195.57,-98.60,0.00,25.00
136713,195.57,-98.39,0.00,25.00
136733,195.57,-98.18,0.00,25.00
136753,195.57,-97.97,0.00,25.00
136773,195.57,-97.76,0.00,25.00
136793,195.57,-97.55,0.00,25.00
136813,195.57,-97.33,0.00,25.00
136833,195.57,-97.11,0.00,25.00
136853,195.57,-96.88,0.00,25.00
136873,195.57,-96.65,0.00,25.00
136894,195.57,-96.42,0.00,25.00
136914,195.57,-96.18,0.00,25.00
136934,195.57,-95.94,0.00,25.00
136954,195.57,-95.69,0.00,25.00
136974,195.57,-95.44,0.00,25.00
136994,195.57,-95.19,0.00,25.00
137014,195.57,-94.94,0.00,25.00
137034,195.57,-94.68,0.00,25.00
137054,195.57,-94.42,0.00,25.00
137074,195.57,-94.16,0.00,25.00
137095,195.57,-93.89,0.00,25.00
137115,195.57,-93.63,0.00,25.00
137135,195.57,-93.37,0.00,25.00
137155,195.57,-93.12,0.00,25.00
137175,195.57,-92.88,0.00,25.00
137195,195.57,-92.65,0.00,25.00
137215,195.57,-92.43,0.00,25.00
137235,195.57,-92.21,0.00,25.00
137255,195.57,-91.99,0.00,25.00
137275,195.57,-91.78,0.00,25.00
137296,195.57,-91.56,0.00,25.00
137316,195.57,-91.34,0.00,25.00
137336,195.57,-91.13,0.00,25.00
137356,195.57,-90.91,0.00,25.00
137376,195.57,-90.70,0.00,25.00
137396,195.57,-90.48,0.00,25.00
137416,195.57,-90.26,0.00,25.00
137436,195.57,-90.04,0.00,25.00
137456,195.57,-89.81,0.00,25.00
137476,195.57,-89.58,0.00,25.00
137497,195.57,-89.35,0.00,25.00
137517,195.57,-89.12,0.00,25.00
137537,195.57,-88.89,0.00,25.00
137557,195.57,-88.67,0.00,25.00
137577,195.57,-88.44,0.00,25.00
137597,195.57,-88.21,0.00,25.00
137617,195.57,-87.97,0.00,25.00
137637,195.57,-87.73,0.00,25.00
137657,195.57,-87.48,0.00,25.00
137677,195.57,-87.23,0.00,25.00
137699,195.57,-86.97,0.00,25.00
137719,195.57,-86.71,0.00,-25.00
137739,195.57,-86.45,0.00,-25.00
137759,195.57,-86.17,0.00,-25.00
137779,195.57,-85.90,0.00,-25.00
137799,195.57,-85.64,0.00,-25.00
137819,195.57,-85.40,0.00,-25.00
137839,195.57,-85.19,0.00,-25.00
137859,195.57,-85.01,0.00,-25.00
137879,195.57,-84.87,0.00,-25.00
137902,195.57,-84.71,0.00,-25.00
137922,195.57,-84.68,0.00,-25.00
137942,195.57,-84.68,0.00,-25.00
137962,195.57,-84.70,0.00,-25.00
137982,195.57,-84.75,0.00,-25.00
138002,195.57,-84.83,0.00,-25.00
138022,195.57,-84.93,0.00,-25.00
138042,195.57,-85.04,0.00,-25.00
138062,195.57,-85.17,0.00,-25.00
138082,195.57,-85.31,0.00,-25.00
138104,195.57,-85.46,0.00,-25.00
138124,195.57,-85.62,0.00,-25.00
138144,195.57,-85.78,0.00,-25.00
138164,195.57,-85.95,0.00,-25.00
138184,195.57,-86.13,0.00,-25.00
138204,195.57,-86.32,0.00,-25.00
138224,195.57,-86.51,0.00,-25.00
138244,195.57,-86.72,0.00,-25.00
138264,195.57,-86.93,0.00,-25.00
138284,195.57,-87.15,0.00,-25.00
138306,195.57,-87.37,0.00,-25.00
138326,195.57,-87.60,0.00,-25.00
138346,195.57,-87.84,0.00,-25.00
138366,195.57,-88.09,0.00,-25.00
138386,195.57,-88.34,0.00,-25.00
138406,195.57,-88.60,0.00,-25.00
138426,195.57,-88.87,0.00,-25.00
138446,195.57,-89.15,0.00,-25.00
138466,195.57,-89.44,0.00,-25.00
138486,195.57,-89.73,0.00,-25.00
138508,195.57,-90.03,0.00,-25.00
138528,195.57,-90.33,0.00,-25.00
138548,195.57,-90.62,0.00,-25.00
138568,195.57,-90.92,0.00,-25.00
138588,195.57,-91.21,0.00,-25.00
138608,195.57,-91.49,0.00,-25.00
138628,195.57,-91.77,0.00,-25.00
138648,195.57,-92.03,0.00,-25.00
138668,195.57,-92.28,0.00,-25.00
138688,195.57,-92.53,0.00,-25.00
138709,195.57,-92.76,0.00,-25.00
138729,195.57,-92.98,0.00,-25.00
138749,195.57,-93.20,0.00,-25.00
138769,195.57,-93.41,0.00,-25.00
138789,195.57,-93.61,0.00,-25.00
138809,195.57,-93.82,0.00,-25.00
138829,195.57,-94.03,0.00,-25.00
138849,195.57,-94.25,0.00,-25.00
138869,195.57,-94.47,0.00,-25.00
138889,195.57,-94.69,0.00,-25.00
138910,195.57,-94.92,0.00,-25.00
138931,195.57,-95.16,0.00,-25.00
138951,195.57,-95.40,0.00,-25.00
138971,195.57,-95.64,0.00,-25.00
138991,195.57,-95.89,0.00,-25.00
139011,195.57,-96.14,0.00,-25.00
139031,195.57,-96.39,0.00,-25.00
139051,195.57,-96.65,0.00,-25.00
139071,195.57,-96.91,0.00,-25.00
139091,195.57,-97.17,0.00,-25.00
139112,195.57,-97.44,0.00,-25.00
139132,195.57,-97.71,0.00,-25.00
139152,195.57,-97.99,0.00,-25.00
139172,195.57,-98.27,0.00,-25.00
139192,195.57,-98.55,0.00,-25.00
139212,195.57,-98.84,0.00,25.00
139232,195.57,-99.13,0.00,25.00
139252,195.57,-99.43,0.00,25.00
139272,195.57,-99.73,0.00,25.00
139292,195.57,-100.02,0.00,25.00
139313,195.57,-100.30,0.00,25.00
139333,195.57,-100.55,0.00,25.00
139353,195.57,-100.78,0.00,25.00
139373,195.57,-100.98,0.00,25.00
139393,195.57,-101.15,0.00,25.00
139413,195.57,-101.29,0.00,25.00
139433,195.57,-101.40,0.00,25.00
139453,195.57,-101.48,0.00,25.00
139473,195.57,-101.54,0.00,25.00
139493,195.57,-101.56,0.00,25.00
139514,195.57,-101.56,0.00,25.00
139534,195.57,-101.54,0.00,25.00
139554,195.57,-101.49,0.00,25.00
139574,195.57,-101.42,0.00,25.00
139594,195.57,-101.33,0.00,25.00
139614,195.57,-101.23,0.00,25.00
139634,195.57,-101.10,0.00,25.00
139654,195.57,-100.96,0.00,25.00
139674,195.57,-100.81,0.00,25.00
139694,195.57,-100.64,0.00,25.00
139715,195.57,-100.46,0.00,25.00
139735,195.57,-100.28,0.00,25.00
139755,195.57,-100.08,0.00,25.00
139775,195.57,-99.87,0.00,25.00
139795,195.57,-99.66,0.00,25.00
139815,195.57,-99.43,0.00,25.00
139835,195.57,-99.19,0.00,25.00
139855,195.57,-98.95,0.00,25.00
139875,195.57,-98.70,0.00,25.00
139895,195.57,-98.44,0.00,25.00
139916,195.57,-98.19,0.00,25.00
139936,195.57,-97.93,0.00,25.00
139956,195.57,-97.67,0.00,25.00
139976,195.57,-97.41,0.00,25.00
139996,195.57,-97.14,0.00,25.00
140016,195.57,-96.89,0.00,25.00
140036,195.57,-96.62,0.00,25.00
140056,195.57,-96.36,0.00,25.00
140076,195.57,-96.09,0.00,25.00
140096,195.57,-95.83,0.00,25.00
140117,195.57,-95.57,0.00,25.00
140137,195.57,-95.31,0.00,25.00
140157,195.57,-95.05,0.00,25.00
140177,195.57,-94.79,0.00,25.00
140197,195.57,-94.54,0.00,25.00
140217,195.57,-94.28,0.00,25.00
140237,195.57,-94.03,0.00,25.00
140257,195.57,-93.78,0.00,25.00
140277,195.57,-93.54,0.00,25.00
140297,195.57,-93.30,0.00,25.00
140319,195.57,-93.07,0.00,25.00
140339,195.57,-92.84,0.00,25.00
140359,195.57,-92.61,0.00,25.00
140379,195.57,-92.39,0.00,25.00
140399,195.57,-92.17,0.00,25.00
140419,195.57,-91.95,0.00,25.00
140439,195.57,-91.74,0.00,25.00
140459,195.57,-91.52,0.00,25.00
140479,195.57,-91.30,0.00,25.00
140499,195.57,-91.09,0.00,25.00
140522,195.57,-90.65,0.00,25.00
140542,195.57,-90.43,0.00,25.00
140562,195.57,-90.20,0.00,25.00
140582,195.57,-89.98,0.00,25.00
140602,195.57,-89.75,0.00,25.00
140622,195.57,-89.52,0.00,25.00
140642,195.57,-89.29,0.00,25.00
140662,195.57,-89.06,0.00,25.00
140682,195.57,-88.83,0.00,25.00
140702,195.57,-88.59,0.00,25.00
140724,195.57,-88.35,0.00,-25.00
140744,195.57,-88.12,0.00,-25.00
140764,195.57,-87.88,0.00,-25.00
140784,195.57,-87.65,0.00,-25.00
140804,195.57,-87.43,0.00,-25.00
140824,195.57,-87.23,0.00,-25.00
140844,195.57,-87.07,0.00,-25.00
140864,195.57,-86.93,0.00,-25.00
140884,195.57,-86.82,0.00,-25.00
140904,195.57,-86.74,0.00,-25.00
140926,195.57,-86.69,0.00,-25.00
140946,195.57,-86.67,0.00,-25.00
140966,195.57,-86.68,0.00,-25.00
140986,195.57,-86.71,0.00,-25.00
141006,195.57,-86.76,0.00,-25.00
141026,195.57,-86.84,0.00,-25.00
141046,195.57,-86.94,0.00,-25.00
141066,195.57,-87.06,0.00,-25.00
141086,195.57,-87.19,0.00,-25.00
141106,195.57,-87.34,0.00,-25.00
141128,195.57,-87.50,0.00,-25.00
141148,195.57,-87.67,0.00,-25.00
141168,195.57,-87.84,0.00,-25.00
141188,195.57,-88.02,0.00,-25.00
141208,195.57,-88.20,0.00,-25.00
141228,195.57,-88.39,0.00,-25.00
141248,195.57,-88.58,0.00,-25.00
141268,195.57,-88.78,0.00,-25.00
141288,195.57,-88.98,0.00,-25.00
141308,195.57,-89.18,0.00,-25.00
141329,195.57,-89.39,0.00,-25.00
141349,195.57,-89.60,0.00,-25.00
141369,195.57,-89.81,0.00,-25.00
141389,195.57,-90.02,0.00,-25.00
141409,195.57,-90.24,0.00,-25.00
141429,195.57,-90.46,0.00,-25.00
141449,195.57,-90.69,0.00,-25.00
141469,195.57,-90.91,0.00,-25.00
141489,195.57,-91.14,0.00,-25.00
141509,195.57,-91.37,0.00,-25.00
141530,195.57,-91.61,0.00,-25.00
141551,195.57,-91.85,0.00,-25.00
141571,195.57,-92.09,0.00,-25.00
141591,195.57,-92.34,0.00,-25.00
141611,195.57,-92.59,0.00,-25.00
141631,195.57,-92.84,0.00,-25.00
141651,195.57,-93.09,0.00,-25.00
141671,195.57,-93.35,0.00,-25.00
141691,195.57,-93.60,0.00,-25.00
141711,195.57,-93.85,0.00,-25.00
141732,195.57,-94.11,0.00,-25.00
141752,195.57,-94.36,0.00,-25.00
141772,195.57,-94.62,0.00,-25.00
141792,195.57,-94.87,0.00,-25.00
141812,195.57,-95.12,0.00,-25.00
141832,195.57,-95.37,0.00,-25.00
141852,195.57,-95.62,0.00,-25.00
141872,195.57,-95.87,0.00,-25.00
141892,195.57,-96.12,0.00,-25.00
141912,195.57,-96.38,0.00,-25.00
141933,195.57,-96.63,0.00,-25.00
141953,195.57,-96.87,0.00,-25.00
141973,195.57,-97.12,0.00,-25.00
141993,195.57,-97.36,0.00,-25.00
142013,195.57,-97.60,0.00,-25.00
142033,195.57,-97.83,0.00,-25.00
142053,195.57,-98.07,0.00,-25.00
142073,195.57,-98.30,0.00,-25.00
142093,195.57,-98.52,0.00,-25.00
142113,195.57,-98.75,0.00,-25.00
142134,195.57,-98.97,0.00,-25.00
142154,195.57,-99.20,0.00,-25.00
142174,195.57,-99.43,0.00,-25.00
142194,195.57,-99.66,0.00,-25.00
142214,195.57,-99.89,0.00,25.00
142234,195.57,-100.14,0.00,25.00
142254,195.57,-100.38,0.00,25.00
142274,195.57,-100.64,0.00,25.00
142294,195.57,-100.90,0.00,25.00
142314,195.57,-101.14,0.00,25.00
142335,195.57,-101.36,0.00,25.00
142355,195.57,-101.56,0.00,25.00
142375,195.57,-101.73,0.00,25.00
142395,195.57,-101.88,0.00,25.00
142415,195.57,-101.99,0.00,25.00
142435,195.57,-102.07,0.00,25.00
142455,195.57,-102.13,0.00,25.00
142475,195.57,-102.15,0.00,25.00
142495,195.57,-102.15,0.00,25.00
142515,195.57,-102.13,0.00,25.00
142536,195.57,-102.08,0.00,25.00
142556,195.57,-102.01,0.00,25.00
142576,195.57,-101.93,0.00,25.00
142596,195.57,-101.83,0.00,25.00
142616,195.57,-101.72,0.00,25.00
142636,195.57,-101.60,0.00,25.00
142656,195.57,-101.47,0.00,25.00
142676,195.57,-101.33,0.00,25.00
142696,195.57,-101.19,0.00,25.00
142716,195.57,-101.03,0.00,25.00
142737,195.57,-100.87,0.00,25.00
142757,195.57,-100.69,0.00,25.00
142777,195.57,-100.51,0.00,25.00
142797,195.57,-100.31,0.00,25.00
142817,195.57,-100.10,0.00,25.00
142837,195.57,-99.88,0.00,25.00
142857,195.57,-99.65,0.00,25.00
142877,195.57,-99.42,0.00,25.00
142897,195.57,-99.17,0.00,25.00
142917,195.57,-98.92,0.00,25.00
142939,195.57,-98.66,0.00,25.00
142959,195.57,-98.41,0.00,25.00
142979,195.57,-98.15,0.00,25.00
142999,195.57,-97.90,0.00,25.00
143019,195.57,-97.64,0.00,25.00
143039,195.57,-97.37,0.00,25.00
143059,195.57,-97.11,0.00,25.00
143079,195.57,-96.84,0.00,25.00
143099,195.57,-96.58,0.00,25.00
143119,195.57,-96.31,0.00,25.00
143142,195.57,-95.80,0.00,25.00
143162,195.57,-95.55,0.00,25.00
143182,195.57,-95.30,0.00,25.00
143202,195.57,-95.06,0.00,25.00
143222,195.57,-94.81,0.00,25.00
143242,195.57,-94.57,0.00,25.00
143262,195.57,-94.33,0.00,25.00
143282,195.57,-94.09,0.00,25.00
143302,195.57,-93.84,0.00,25.00
143322,195.57,-93.59,0.00,25.00
143344,195.57,-93.34,0.00,25.00
143364,195.57,-93.09,0.00,25.00
143384,195.57,-92.84,0.00,25.00
143404,195.57,-92.59,0.00,25.00
143424,195.57,-92.34,0.00,25.00
143444,195.57,-92.10,0.00,25.00
143464,195.57,-91.85,0.00,25.00
143484,195.57,-91.61,0.00,25.00
143504,195.57,-91.37,0.00,25.00
143524,195.57,-91.14,0.00,25.00
143546,195.57,-90.89,0.00,25.00
143566,195.57,-90.65,0.00,25.00
143586,195.57,-90.39,0.00,25.00
143606,195.57,-90.14,0.00,25.00
143626,195.57,-89.88,0.00,25.00
143646,195.57,-89.62,0.00,25.00
143666,195.57,-89.36,0.00,25.00
143686,195.57,-89.10,0.00,25.00
143706,195.57,-88.84,0.00,25.00
143726,195.57,-88.58,0.00,-25.00
143748,195.57,-88.32,0.00,-25.00
143768,195.57,-88.06,0.00,-25.00
143788,195.57,-87.80,0.00,-25.00
143808,195.57,-87.55,0.00,-25.00
143828,195.57,-87.33,0.00,-25.00
143848,195.57,-87.13,0.00,-25.00
143868,195.57,-86.96,0.00,-25.00
143888,195.57,-86.83,0.00,-25.00
143908,195.57,-86.73,0.00,-25.00
143928,195.57,-86.66,0.00,-25.00
143949,195.57,-86.62,0.00,-25.00
143969,195.57,-86.62,0.00,-25.00
143989,195.57,-86.65,0.00,-25.00
144009,195.57,-86.71,0.00,-25.00
144029,195.57,-86.80,0.00,-25.00
144049,195.57,-86.91,0.00,-25.00
144069,195.57,-87.04,0.00,-25.00
144089,195.57,-87.18,0.00,-25.00
144109,195.57,-87.34,0.00,-25.00
144129,195.57,-87.50,0.00,-25.00
144150,195.57,-87.67,0.00,-25.00
144171,195.57,-87.83,0.00,-25.00
144191,195.57,-88.00,0.00,-25.00
144211,195.57,-88.17,0.00,-25.00
144231,195.57,-88.34,0.00,-25.00
144251,195.57,-88.51,0.00,-25.00
144271,195.57,-88.69,0.00,-25.00
144291,195.57,-88.88,0.00,-25.00
144311,195.57,-89.07,0.00,-25.00
144331,195.57,-89.27,0.00,-25.00
144352,195.57,-89.47,0.00,-25.00
144372,195.57,-89.68,0.00,-25.00
144392,195.57,-89.90,0.00,-25.00
144412,195.57,-90.13,0.00,-25.00
144432,195.57,-90.37,0.00,-25.00
144452,195.57,-90.62,0.00,-25.00
144472,195.57,-90.88,0.00,-25.00
144492,195.57,-91.14,0.00,-25.00
144512,195.57,-91.42,0.00,-25.00
144532,195.57,-91.70,0.00,-25.00
144553,195.57,-91.98,0.00,-25.00
144573,195.57,-92.27,0.00,-25.00
144593,195.57,-92.56,0.00,-25.00
144613,195.57,-92.85,0.00,-25.00
144633,195.57,-93.14,0.00,-25.00
144653,195.57,-93.44,0.00,-25.00
144673,195.57,-93.73,0.00,-25.00
144693,195.57,-94.02,0.00,-25.00
144713,195.57,-94.30,0.00,-25.00
144733,195.57,-94.58,0.00,-25.00
144754,195.57,-94.85,0.00,-25.00
144774,195.57,-95.11,0.00,-25.00
144794,195.57,-95.36,0.00,-25.00
144814,195.57,-95.61,0.00,-25.00
144834,195.57,-95.85,0.00,-25.00
144854,195.57,-96.09,0.00,-25.00
144874,195.57,-96.32,0.00,-25.00
144894,195.57,-96.56,0.00,-25.00
144914,195.57,-96.80,0.00,-25.00
144934,195.57,-97.05,0.00,-25.00
144955,195.57,-97.30,0.00,-25.00
144975,195.57,-97.55,0.00,-25.00
144995,195.57,-97.80,0.00,-25.00
145015,195.57,-98.06,0.00,-25.00
145035,195.57,-98.32,0.00,-25.00
145055,195.57,-98.58,0.00,-25.00
145075,195.57,-98.84,0.00,-25.00
145095,195.57,-99.10,0.00,-25.00
145115,195.57,-99.36,0.00,-25.00
145135,195.57,-99.62,0.00,-25.00
145156,195.57,-99.87,0.00,-25.00
145176,195.57,-100.12,0.00,-25.00
145196,195.57,-100.37,0.00,-25.00
145216,195.57,-100.62,0.00,25.00
145236,195.57,-100.88,0.00,25.00
145256,195.57,-101.14,0.00,25.00
145276,195.57,-101.40,0.00,25.00
145296,195.57,-101.67,0.00,25.00
145316,195.57,-101.93,0.00,25.00
145336,195.57,-102.17,0.00,25.00
145357,195.57,-102.39,0.00,25.00
145377,195.57,-102.57,0.00,25.00
145397,195.57,-102.73,0.00,25.00
145417,195.57,-102.85,0.00,25.00
145437,195.57,-102.94,0.00,25.00
145457,195.57,-103.00,0.00,25.00
145477,195.57,-103.03,0.00,25.00
145497,195.57,-103.02,0.00,25.00
145517,195.57,-102.99,0.00,25.00
145537,195.57,-102.94,0.00,25.00
145559,195.57,-102.87,0.00,25.00
145579,195.57,-102.78,0.00,25.00
145599,195.57,-102.67,0.00,25.00
145619,195.57,-102.55,0.00,25.00
145639,195.57,-102.41,0.00,25.00
145659,195.57,-102.26,0.00,25.00
145679,195.57,-102.10,0.00,25.00
145699,195.57,-101.94,0.00,25.00
145719,195.57,-101.77,0.00,25.00
145739,195.57,-101.59,0.00,25.00
145762,195.57,-101.21,0.00,25.00
145782,195.57,-101.02,0.00,25.00
145802,195.57,-100.82,0.00,25.00
145822,195.57,-100.62,0.00,25.00
145842,195.57,-100.42,0.00,25.00
145862,195.57,-100.22,0.00,25.00
145882,195.57,-100.02,0.00,25.00
145902,195.57,-99.81,0.00,25.00
145922,195.57,-99.61,0.00,25.00
145942,195.57,-99.40,0.00,25.00
145964,195.57,-99.18,0.00,25.00
145984,195.57,-98.96,0.00,25.00
146004,195.57,-98.74,0.00,25.00
146024,195.57,-98.51,0.00,25.00
146044,195.57,-98.27,0.00,25.00
146064,195.57,-98.03,0.00,25.00
146084,195.57,-97.79,0.00,25.00
146104,195.57,-97.55,0.00,25.00
146124,195.57,-97.31,0.00,25.00
146144,195.57,-97.08,0.00,25.00
146166,195.57,-96.83,0.00,25.00
146186,195.57,-96.59,0.00,25.00
146206,195.57,-96.33,0.00,25.00
146226,195.57,-96.08,0.00,25.00
146246,195.57,-95.82,0.00,25.00
146266,195.57,-95.56,0.00,25.00
146286,195.57,-95.29,0.00,25.00
146306,195.57,-95.02,0.00,25.00
146326,195.57,-94.75,0.00,25.00
146346,195.57,-94.47,0.00,25.00
146368,195.57,-94.19,0.00,25.00
146388,195.57,-93.91,0.00,25.00
146408,195.57,-93.63,0.00,25.00
146428,195.57,-93.36,0.00,25.00
146448,195.57,-93.09,0.00,25.00
146468,195.57,-92.82,0.00,25.00
146488,195.57,-92.56,0.00,25.00
146508,195.57,-92.30,0.00,25.00
146528,195.57,-92.05,0.00,25.00
146548,195.57,-91.80,0.00,25.00
146569,195.57,-91.57,0.00,25.00
146589,195.57,-91.36,0.00,25.00
146609,195.57,-91.15,0.00,25.00
146629,195.57,-90.96,0.00,25.00
146649,195.57,-90.76,0.00,25.00
146669,195.57,-90.57,0.00,25.00
146689,195.57,-90.37,0.00,25.00
146709,195.57,-90.17,0.00,-25.00
146729,195.57,-89.96,0.00,-25.00
146749,195.57,-89.74,0.00,-25.00
146770,195.57,-89.51,0.00,-25.00
146791,195.57,-89.28,0.00,-25.00
146811,195.57,-89.07,0.00,-25.00
146831,195.57,-88.89,0.00,-25.00
146851,195.57,-88.73,0.00,-25.00
146871,195.57,-88.60,0.00,-25.00
146891,195.57,-88.51,0.00,-25.00
146911,195.57,-88.44,0.00,-25.00
146931,195.57,-88.40,0.00,-25.00
146951,195.57,-88.39,0.00,-25.00
146972,195.57,-88.41,0.00,-25.00
146992,195.57,-88.45,0.00,-25.00
147012,195.57,-88.52,0.00,-25.00
147032,195.57,-88.62,0.00,-25.00
147052,195.57,-88.74,0.00,-25.00
147072,195.57,-88.87,0.00,-25.00
147092,195.57,-89.03,0.00,-25.00
147112,195.57,-89.20,0.00,-25.00
147132,195.57,-89.38,0.00,-25.00
147152,195.57,-89.57,0.00,-25.00
147173,195.57,-89.77,0.00,-25.00
147193,195.57,-89.97,0.00,-25.00
147213,195.57,-90.17,0.00,-25.00
147233,195.57,-90.38,0.00,-25.00
147253,195.57,-90.59,0.00,-25.00
147273,195.57,-90.81,0.00,-25.00
147293,195.57,-91.03,0.00,-25.00
147313,195.57,-91.24,0.00,-25.00
147333,195.57,-91.46,0.00,-25.00
147353,195.57,-91.67,0.00,-25.00
147374,195.57,-91.89,0.00,-25.00
147394,195.57,-92.10,0.00,-25.00
147414,195.57,-92.33,0.00,-25.00
147434,195.57,-92.56,0.00,-25.00
147454,195.57,-92.80,0.00,-25.00
147474,195.57,-93.05,0.00,-25.00
147494,195.57,-93.30,0.00,-25.00
147514,195.57,-93.56,0.00,-25.00
147534,195.57,-93.82,0.00,-25.00
147554,195.57,-94.09,0.00,-25.00
147575,195.57,-94.36,0.00,-25.00
147595,195.57,-94.64,0.00,-25.00
147615,195.57,-94.92,0.00,-25.00
147635,195.57,-95.20,0.00,-25.00
147655,195.57,-95.48,0.00,-25.00
147675,195.57,-95.75,0.00,-25.00
147695,195.57,-96.04,0.00,-25.00
147715,195.57,-96.32,0.00,-25.00
147735,195.57,-96.60,0.00,-25.00
147755,195.57,-96.89,0.00,-25.00
147776,195.57,-97.18,0.00,-25.00
147796,195.57,-97.47,0.00,-25.00
147816,195.57,-97.76,0.00,-25.00
147836,195.57,-98.04,0.00,-25.00
147856,195.57,-98.32,0.00,-25.00
147876,195.57,-98.60,0.00,-25.00
147896,195.57,-98.87,0.00,-25.00
147916,195.57,-99.15,0.00,-25.00
147936,195.57,-99.42,0.00,-25.00
147956,195.57,-99.69,0.00,-25.00
147977,195.57,-99.96,0.00,-25.00
147997,195.57,-100.23,0.00,-25.00
148017,195.57,-100.49,0.00,-25.00
148037,195.57,-100.76,0.00,-25.00
148057,195.57,-101.02,0.00,-25.00
148077,195.57,-101.27,0.00,-25.00
148097,195.57,-101.53,0.00,-25.00
148117,195.57,-101.77,0.00,-25.00
148137,195.57,-102.02,0.00,-25.00
148157,195.57,-102.25,0.00,-25.00
148179,195.57,-102.49,0.00,-25.00
148199,195.57,-102.71,0.00,-25.00
148219,195.57,-102.94,0.00,25.00
148239,195.57,-103.16,0.00,25.00
148259,195.57,-103.38,0.00,25.00
148279,195.57,-103.59,0.00,25.00
148299,195.57,-103.80,0.00,25.00
148319,195.57,-104.00,0.00,25.00
148339,195.57,-104.17,0.00,25.00
148359,195.57,-104.32,0.00,25.00
148382,195.57,-104.54,0.00,25.00
148402,195.57,-104.61,0.00,25.00
148422,195.57,-104.66,0.00,25.00
148442,195.57,-104.67,0.00,25.00
148462,195.57,-104.66,0.00,25.00
148482,195.57,-104.63,0.00,25.00
148502,195.57,-104.58,0.00,25.00
148522,195.57,-104.50,0.00,25.00
148542,195.57,-104.41,0.00,25.00
148562,195.57,-104.29,0.00,25.00
148584,195.57,-104.17,0.00,25.00
148604,195.57,-104.02,0.00,25.00
148624,195.57,-103.87,0.00,25.00
148644,195.57,-103.70,0.00,25.00
148664,195.57,-103.52,0.00,25.00
148684,195.57,-103.34,0.00,25.00
148704,195.57,-103.15,0.00,25.00
148724,195.57,-102.96,0.00,25.00
148744,195.57,-102.76,0.00,25.00
148764,195.57,-102.56,0.00,25.00
148786,195.57,-102.35,0.00,25.00
148806,195.57,-102.14,0.00,25.00
148826,195.57,-101.93,0.00,25.00
148846,195.57,-101.72,0.00,25.00
148866,195.57,-101.50,0.00,25.00
148886,195.57,-101.27,0.00,25.00
148906,195.57,-101.04,0.00,25.00
148926,195.57,-100.80,0.00,25.00
148946,195.57,-100.56,0.00,25.00
148966,195.57,-100.30,0.00,25.00
148988,195.57,-100.04,0.00,25.00
149008,195.57,-99.78,0.00,25.00
149028,195.57,-99.52,0.00,25.00
149048,195.57,-99.25,0.00,25.00
149068,195.57,-98.98,0.00,25.00
149088,195.57,-98.71,0.00,25.00
149108,195.57,-98.45,0.00,25.00
149128,195.57,-98.19,0.00,25.00
149148,195.57,-97.93,0.00,25.00
149168,195.57,-97.68,0.00,25.00
149189,195.57,-97.44,0.00,25.00
149209,195.57,-97.20,0.00,25.00
149229,195.57,-96.96,0.00,25.00
149249,195.57,-96.72,0.00,25.00
149269,195.57,-96.48,0.00,25.00
149289,195.57,-96.23,0.00,25.00
149309,195.57,-95.98,0.00,25.00
149329,195.57,-95.72,0.00,25.00
149349,195.57,-95.46,0.00,25.00
149369,195.57,-95.20,0.00,25.00
149390,195.57,-94.94,0.00,25.00
149411,195.57,-94.68,0.00,25.00
149431,195.57,-94.42,0.00,25.00
149451,195.57,-94.16,0.00,25.00
149471,195.57,-93.90,0.00,25.00
149491,195.57,-93.66,0.00,25.00
149511,195.57,-93.42,0.00,25.00
149531,195.57,-93.19,0.00,25.00
149551,195.57,-92.95,0.00,25.00
149571,195.57,-92.72,0.00,25.00
149592,195.57,-92.49,0.00,25.00
149612,195.57,-92.25,0.00,25.00
149632,195.57,-92.02,0.00,25.00
149652,195.57,-91.77,0.00,25.00
149672,195.57,-91.53,0.00,25.00
149692,195.57,-91.28,0.00,25.00
149712,195.57,-91.03,0.00,-25.00
149732,195.57,-90.78,0.00,-25.00
149752,195.57,-90.53,0.00,-25.00
149772,195.57,-90.27,0.00,-25.00
149793,195.57,-90.03,0.00,-25.00
149813,195.57,-89.80,0.00,-25.00
149833,195.57,-89.60,0.00,-25.00
149853,195.57,-89.44,0.00,-25.00
149873,195.57,-89.32,0.00,-25.00
149893,195.57,-89.22,0.00,-25.00
149913,195.57,-89.15,0.00,-25.00
149933,195.57,-89.11,0.00,-25.00
149953,195.57,-89.09,0.00,-25.00
149973,195.57,-89.10,0.00,-25.00
149994,195.57,-89.14,0.00,-25.00
150014,195.57,-89.21,0.00,-25.00
150034,195.57,-89.30,0.00,-25.00
150054,195.57,-89.41,0.00,-25.00
150074,195.57,-89.54,0.00,-25.00
150094,195.57,-89.69,0.00,-25.00
150114,195.57,-89.85,0.00,-25.00
150134,195.57,-90.03,0.00,-25.00
150154,195.57,-90.21,0.00,-25.00
150174,195.57,-90.41,0.00,-25.00
150195,195.57,-90.61,0.00,-25.00
150215,195.57,-90.82,0.00,-25.00
150235,195.57,-91.03,0.00,-25.00
150255,195.57,-91.25,0.00,-25.00
150275,195.57,-91.47,0.00,-25.00
150295,195.57,-91.68,0.00,-25.00
150315,195.57,-91.90,0.00,-25.00
150335,195.57,-92.10,0.00,-25.00
150355,195.57,-92.30,0.00,-25.00
150375,195.57,-92.50,0.00,-25.00
150396,195.57,-92.69,0.00,-25.00
150416,195.57,-92.88,0.00,-25.00
150436,195.57,-93.07,0.00,-25.00
150456,195.57,-93.26,0.00,-25.00
150476,195.57,-93.45,0.00,-25.00
150496,195.57,-93.65,0.00,-25.00
150516,195.57,-93.86,0.00,-25.00
150536,195.57,-94.07,0.00,-25.00
150556,195.57,-94.29,0.00,-25.00
150576,195.57,-94.51,0.00,-25.00
150597,195.57,-94.75,0.00,-25.00
150617,195.57,-94.99,0.00,-25.00
150637,195.57,-95.24,0.00,-25.00
150657,195.57,-95.49,0.00,-25.00
150677,195.57,-95.75,0.00,-25.00
150697,195.57,-96.01,0.00,-25.00
150717,195.57,-96.26,0.00,-25.00
150737,195.57,-96.52,0.00,-25.00
150757,195.57,-96.78,0.00,-25.00
150777,195.57,-97.04,0.00,-25.00
150799,195.57,-97.30,0.00,-25.00
150819,195.57,-97.55,0.00,-25.00
150839,195.57,-97.81,0.00,-25.00
150859,195.57,-98.06,0.00,-25.00
150879,195.57,-98.32,0.00,-25.00
150899,195.57,-98.57,0.00,-25.00
150919,195.57,-98.83,0.00,-25.00
150939,195.57,-99.08,0.00,-25.00
150959,195.57,-99.33,0.00,-25.00
150979,195.57,-99.58,0.00,-25.00
151002,195.57,-100.07,0.00,-25.00
151022,195.57,-100.32,0.00,-25.00
151042,195.57,-100.57,0.00,-25.00
151062,195.57,-100.81,0.00,-25.00
151082,195.57,-101.06,0.00,-25.00
151102,195.57,-101.30,0.00,-25.00
151122,195.57,-101.54,0.00,-25.00
151142,195.57,-101.78,0.00,-25.00
151162,195.57,-102.02,0.00,-25.00
151182,195.57,-102.25,0.00,-25.00
151204,195.57,-102.48,0.00,-25.00
151224,195.57,-102.71,0.00,25.00
151244,195.57,-102.93,0.00,25.00
151264,195.57,-103.15,0.00,25.00
151284,195.57,-103.35,0.00,25.00
151304,195.57,-103.53,0.00,25.00
151324,195.57,-103.69,0.00,25.00
151344,195.57,-103.82,0.00,25.00
151364,195.57,-103.94,0.00,25.00
151384,195.57,-104.04,0.00,25.00
151406,195.57,-104.12,0.00,25.00
151426,195.57,-104.17,0.00,25.00
151446,195.57,-104.20,0.00,25.00
151466,195.57,-104.22,0.00,25.00
151486,195.57,-104.20,0.00,25.00
151506,195.57,-104.17,0.00,25.00
151526,195.57,-104.13,0.00,25.00
151546,195.57,-104.06,0.00,25.00
151566,195.57,-103.99,0.00,25.00
151586,195.57,-103.90,0.00,25.00
151608,195.57,-103.79,0.00,25.00
151628,195.57,-103.68,0.00,25.00
151648,195.57,-103.56,0.00,25.00
151668,195.57,-103.43,0.00,25.00
151688,195.57,-103.29,0.00,25.00
151708,195.57,-103.15,0.00,25.00
151728,195.57,-103.00,0.00,25.00
151748,195.57,-102.84,0.00,25.00
151768,195.57,-102.67,0.00,25.00
151788,195.57,-102.51,0.00,25.00
151809,195.57,-102.34,0.00,25.00
151829,195.57,-102.17,0.00,25.00
151849,195.57,-102.00,0.00,25.00
151869,195.57,-101.82,0.00,25.00
151889,195.57,-101.63,0.00,25.00
151909,195.57,-101.44,0.00,25.00
151929,195.57,-101.24,0.00,25.00
151949,195.57,-101.03,0.00,25.00
151969,195.57,-100.82,0.00,25.00
151989,195.57,-100.61,0.00,25.00
152010,195.57,-100.39,0.00,25.00
152031,195.57,-100.17,0.00,25.00
152051,195.57,-99.96,0.00,25.00
152071,195.57,-99.74,0.00,25.00
152091,195.57,-99.52,0.00,25.00
152111,195.57,-99.30,0.00,25.00
152131,195.57,-99.07,0.00,25.00
152151,195.57,-98.83,0.00,25.00
152171,195.57,-98.59,0.00,25.00
152191,195.57,-98.34,0.00,25.00
152212,195.57,-98.08,0.00,25.00
152232,195.57,-97.82,0.00,25.00
152252,195.57,-97.57,0.00,25.00
152272,195.57,-97.31,0.00,25.00
152292,195.57,-97.05,0.00,25.00
152312,195.57,-96.79,0.00,25.00
152332,195.57,-96.52,0.00,25.00
152352,195.57,-96.26,0.00,25.00
152372,195.57,-95.98,0.00,25.00
152392,195.57,-95.71,0.00,25.00
152413,195.57,-95.44,0.00,25.00
152433,195.57,-95.17,0.00,25.00
152453,195.57,-94.90,0.00,25.00
152473,195.57,-94.63,0.00,25.00
152493,195.57,-94.36,0.00,25.00
152513,195.57,-94.09,0.00,25.00
152533,195.57,-93.82,0.00,25.00
152553,195.57,-93.56,0.00,25.00
152573,195.57,-93.31,0.00,25.00
152593,195.57,-93.07,0.00,25.00
152614,195.57,-92.84,0.00,25.00
152634,195.57,-92.61,0.00,25.00
152654,195.57,-92.37,0.00,25.00
152674,195.57,-92.14,0.00,25.00
152694,195.57,-91.91,0.00,25.00
152714,195.57,-91.67,0.00,-25.00
152734,195.57,-91.44,0.00,-25.00
152754,195.57,-91.21,0.00,-25.00
